index,tree_name,r_glcm_mean,r_mean_homogeneity,r_mean_contrast,r_mean_dissimilarity,r_mean_ASM,r_mean_correlation,r_mean_energy,g_glcm_mean,g_mean_homogeneity,g_mean_contrast,g_mean_dissimilarity,g_mean_ASM,g_mean_correlation,g_mean_energy,b_glcm_mean,b_mean_homogeneity,b_mean_contrast,b_mean_dissimilarity,b_mean_ASM,b_mean_correlation,b_mean_energy,RE_glcm_mean,RE_mean_homogeneity,RE_mean_contrast,RE_mean_dissimilarity,RE_mean_ASM,RE_mean_correlation,RE_mean_energy,NIR_glcm_mean,NIR_mean_homogeneity,NIR_mean_contrast,NIR_mean_dissimilarity,NIR_mean_ASM,NIR_mean_correlation,NIR_mean_energy,WR_glcm_mean,WR_mean_homogeneity,WR_mean_contrast,WR_mean_dissimilarity,WR_mean_ASM,WR_mean_correlation,WR_mean_energy,WG_glcm_mean,WG_mean_homogeneity,WG_mean_contrast,WG_mean_dissimilarity,WG_mean_ASM,WG_mean_correlation,WG_mean_energy,WB_glcm_mean,WB_mean_homogeneity,WB_mean_contrast,WB_mean_dissimilarity,WB_mean_ASM,WB_mean_correlation,WB_mean_energy,Wideband_Red_MEAN_I_mean,Wideband_Red_MEAN_I_median,Wideband_Red_MEAN_I_25th,Wideband_Red_MEAN_I_75th,Wideband_Green_MEAN_I_mean,Wideband_Green_MEAN_I_median,Wideband_Green_MEAN_I_25th,Wideband_Green_MEAN_I_75th,Wideband_Blue_NONE_mean,Wideband_Blue_NONE_median,Wideband_Blue_NONE_25th,Wideband_Blue_NONE_75th,Wideband_Blue_MEAN_I_mean,Wideband_Blue_MEAN_I_median,Wideband_Blue_MEAN_I_25th,Wideband_Blue_MEAN_I_75th,RedEdge_NONE_mean,RedEdge_NONE_median,RedEdge_NONE_25th,RedEdge_NONE_75th,RedEdge_HOMOGENEITY_mean,RedEdge_HOMOGENEITY_median,RedEdge_HOMOGENEITY_25th,RedEdge_HOMOGENEITY_75th,RedEdge_MEAN_I_mean,RedEdge_MEAN_I_median,RedEdge_MEAN_I_25th,RedEdge_MEAN_I_75th,Blue_HOMOGENEITY_mean,Blue_HOMOGENEITY_median,Blue_HOMOGENEITY_25th,Blue_HOMOGENEITY_75th,Blue_ASM_mean,Blue_ASM_median,Blue_ASM_25th,Blue_ASM_75th,Blue_MEAN_I_mean,Blue_MEAN_I_median,Blue_MEAN_I_25th,Blue_MEAN_I_75th,NIR_NONE_mean,NIR_NONE_median,NIR_NONE_25th,NIR_NONE_75th,NIR_HOMOGENEITY_mean,NIR_HOMOGENEITY_median,NIR_HOMOGENEITY_25th,NIR_HOMOGENEITY_75th,NIR_MEAN_I_mean,NIR_MEAN_I_median,NIR_MEAN_I_25th,NIR_MEAN_I_75th,Red_HOMOGENEITY_mean,Red_HOMOGENEITY_median,Red_HOMOGENEITY_25th,Red_HOMOGENEITY_75th,Red_MEAN_I_mean,Red_MEAN_I_median,Red_MEAN_I_25th,Red_MEAN_I_75th,Green_NONE_mean,Green_NONE_median,Green_NONE_25th,Green_NONE_75th,Green_HOMOGENEITY_mean,Green_HOMOGENEITY_median,Green_HOMOGENEITY_25th,Green_HOMOGENEITY_75th,Green_MEAN_I_mean,Green_MEAN_I_median,Green_MEAN_I_25th,Green_MEAN_I_75th
0,Falcataria Moluccana,91.70176359398867,0.1015653392546314,390.4612368290127,13.599778951532766,0.0001880833297424,0.8053700769537209,0.0136906723429216,102.40950856113432,0.108047858084674,378.7654182703485,13.340117240849892,0.0002232188980126,0.8023095398035458,0.0149107044931978,46.58983779377239,0.0869811360145629,364.83451086967136,13.791452414727589,0.0001985763301913,0.7425499207817007,0.0140703959076907,24.38394543658171,0.2575381798002669,36.544945765916985,4.162759617121185,0.0013141650769051,0.9072276051146794,0.0362514148262539,32.95515197229335,0.2547736068660466,33.93410957303275,4.050745253853753,0.0012654313242961,0.9210506502722866,0.03557290154452,2.6852170956878334,0.7525300507350366,0.8727575986146671,0.5544709919365975,0.0797348284510101,0.8360391707694884,0.2823735618839167,2.512503054319073,0.8498661368203231,0.3334487777411849,0.3057718662686313,0.1565322289035547,0.8277853345049998,0.3956415409225309,6.281447800359075,0.5087950814474348,7.021383420624887,1.6547567699646228,0.0127162404713818,0.8618975838475695,0.1127663091148322,0.7208554077489958,0.7973870582421128,0.3795510512357498,0.3808305725999569,0.3665227046494862,0.0705208772465052,0.3657546826087059,0.5806894571733607,0.1303533636107162,0.0241632852116144,0.4876280583248561,0.0698518820242311,0.4879575717964428,0.4463483362985834,0.0294730341719911,0.0879505291439282,0.198225296091856,0.084787149170814,0.7265625,0.8046875,0.3828125,0.383544921875,0.3603839576244354,0.06884765625,0.365966796875,0.58349609375,0.12310791015625,0.0241241455078125,0.4873564541339874,0.06866455078125,0.488037109375,0.444580078125,0.029541015625,0.0803834646940231,0.193603515625,0.0850830078125,0.6884765625,0.7685546875,0.30859375,0.34912109375,0.2925137728452682,0.057098388671875,0.328369140625,0.541015625,0.10284423828125,0.02154541015625,0.4154804050922394,0.05609130859375,0.447265625,0.401611328125,0.0256500244140625,0.0606976635754108,0.16552734375,0.07366943359375,0.76171875,0.8349609375,0.453125,0.413818359375,0.4368008449673652,0.08233642578125,0.406494140625,0.62255859375,0.14892578125,0.0268707275390625,0.5646923631429672,0.0821533203125,0.53466796875,0.4892578125,0.033447265625,0.1059739459306001,0.2266845703125,0.09613037109375
1,Ficus Variegata,94.8416929954702,0.0843158353720738,664.2179002885728,17.7940054213408,0.0001471570276066,0.8435492476100529,0.0120997535273655,106.56570044286092,0.1146000145662307,640.6986228352448,16.982653692987537,0.0008750929406923,0.8377721867202859,0.0294755203651982,35.09794278342166,0.061639110398235,654.3849680447254,18.943068769285585,9.72818333523643e-05,0.7778793041989832,0.009844921084378,26.96792820823297,0.2015692105197119,55.94637841648881,5.399311050399077,0.0006338552242408,0.9237013271544224,0.025176481569927,36.05285714833102,0.2249130901749593,42.27059472673837,4.649593642351625,0.0007725840744513,0.938924530259228,0.0277953966413749,2.639615751579641,0.6612185213191691,1.478961747586952,0.8031933848576694,0.03858704277863,0.8831013557268697,0.1964358490159828,2.3283488583285115,0.8012043556918033,0.480777999593834,0.4113849113140239,0.0974775310649044,0.8687396782810108,0.3122139187558819,7.105679810864563,0.3919562507631975,10.555014426558662,2.2927384405522324,0.0048539961320267,0.8973836461967866,0.0696706260344113,0.7592142468265872,0.823925892617984,0.3052952638285985,0.3044725227431386,0.4238165887923809,0.0518922215424253,0.4220427553231382,0.4808758078400043,0.0802900252532067,0.0245508266223495,0.5461330271042231,0.0575793227538265,0.5447337024002459,0.3194763998084399,0.0337510161177808,0.1107977820962918,0.1299340281603557,0.1075315067885252,0.76513671875,0.83544921875,0.296875,0.303955078125,0.4293699264526367,0.050201416015625,0.428955078125,0.475341796875,0.07012939453125,0.0249176025390625,0.560018390417099,0.0556640625,0.55224609375,0.3095703125,0.0338134765625,0.1055437065660953,0.12451171875,0.1077880859375,0.7109375,0.78271484375,0.1953125,0.2666015625,0.3135063126683235,0.040771484375,0.368896484375,0.430419921875,0.056365966796875,0.0213470458984375,0.4469431415200233,0.043304443359375,0.488525390625,0.2705078125,0.02777099609375,0.0659428425133228,0.10443115234375,0.0897216796875,0.81494140625,0.87646484375,0.40625,0.340087890625,0.5369700938463211,0.06085205078125,0.4794921875,0.52685546875,0.0931396484375,0.0279541015625,0.6578486263751984,0.06951904296875,0.60546875,0.357177734375,0.03948974609375,0.1491728164255619,0.148681640625,0.1253662109375
2,Bridelia Sp.,93.72414766422229,0.0975337488567195,350.5337000185981,13.135879367219236,0.0001633012412534,0.89081119824564,0.012748972432555,107.0162423397444,0.1178942976835931,337.87050028774195,12.648574092753584,0.0004832923060365,0.8926570579699341,0.0219068572462595,46.97225893672255,0.0846978300460917,344.67790441021066,13.56312347599598,0.0001530436529639,0.8493151830399468,0.0123429924728032,25.555385218348185,0.2819076756370323,20.287348316977948,3.3041257781998525,0.0012347315282352,0.9593367403957268,0.0351387468222076,36.09080782043748,0.3019393725664839,17.162848399885437,3.001700357255913,0.001295969236575,0.9728149172712836,0.035999572727674,2.3901008456564017,0.8008519785519953,0.4962390147575333,0.414386710683007,0.0851625074872446,0.8992717403877651,0.2918261597034177,2.444329881366918,0.8809398960597218,0.243184250591658,0.2389635056301723,0.1585706789298107,0.8924678720230527,0.3982093405858415,6.080335850706219,0.5389088017673901,3.390949516875443,1.2717134717134717,0.0116593383754703,0.9296761760034976,0.1079784162482039,0.7399340416091775,0.824904571745093,0.3851965016912942,0.3860624793977824,0.3826830190570369,0.0709300870048165,0.3810357158566489,0.595245485854187,0.1592162846882232,0.0228587272036896,0.5249530570086729,0.0718072076206298,0.5244311493012284,0.4606086720905843,0.025305097395571,0.0852437513802669,0.1937208489487131,0.0817283043870727,0.75048828125,0.84130859375,0.39453125,0.39111328125,0.3914282619953155,0.069091796875,0.38671875,0.59765625,0.1444091796875,0.02294921875,0.5431046783924103,0.0697021484375,0.5341796875,0.45947265625,0.0251922607421875,0.0814028903841972,0.1875,0.08172607421875,0.68603515625,0.7763671875,0.296875,0.34033203125,0.2986311465501785,0.054718017578125,0.3291015625,0.5458984375,0.1187744140625,0.0191802978515625,0.43954499065876,0.051971435546875,0.464599609375,0.409423828125,0.020477294921875,0.0560077736154198,0.15673828125,0.06597900390625,0.8037109375,0.8896484375,0.484375,0.4345703125,0.4752109497785568,0.0845947265625,0.439453125,0.64453125,0.180419921875,0.026641845703125,0.628192275762558,0.0892333984375,0.59375,0.50927734375,0.030029296875,0.1104257442057132,0.2235107421875,0.09710693359375
3,Falcataria Moluccana,91.61828425285589,0.1086719836230285,405.1792272233731,13.514777114982245,0.0001558920456622,0.8785168908655347,0.0124608584302893,103.7422831990106,0.127311613659477,390.46423419011546,13.090068333496127,0.0003823025347317,0.873386252071249,0.0195080274372575,45.23858542556904,0.0902406071069844,376.7332120837743,13.776320534584862,0.0001632368210393,0.8164220917642637,0.0127527101107211,25.08088522765429,0.2724650825601289,31.13973175477088,3.828020863517822,0.001154021301654,0.9426996088376648,0.0339708890324361,34.40420306053453,0.2705240179689278,28.29136022224983,3.694229415904293,0.0011225657763002,0.950441310820107,0.0335047127476158,2.5966478545441167,0.7624024650888358,0.8360493622736451,0.5313251737476601,0.0672117146199355,0.8951169856158873,0.2592522220154255,2.512315270935961,0.8661730766056879,0.291810977264469,0.2716465896703508,0.1389805446773856,0.8904790665717947,0.3728009451133213,6.325392225855856,0.5276413174035537,6.0104800540906025,1.5254860564915622,0.011346580884583,0.915303486732251,0.1065203308508898,0.714304259174953,0.7914401943852463,0.3689388723768127,0.3689559211298891,0.3726582950391794,0.0636182220925777,0.3702034375346298,0.5467356005358017,0.1266773036110018,0.0235606312360588,0.502719644640261,0.0625181436362033,0.5012526107437588,0.4061237703874349,0.0283530850984361,0.0876560110696967,0.1818499490724388,0.0839662156761721,0.7294921875,0.80517578125,0.37109375,0.373291015625,0.3636666387319565,0.060882568359375,0.374755859375,0.54443359375,0.1119384765625,0.02398681640625,0.5009827017784119,0.0601806640625,0.5068359375,0.39697265625,0.028900146484375,0.0782408937811851,0.173583984375,0.0841064453125,0.67041015625,0.751953125,0.28125,0.33447265625,0.2798243686556816,0.04840087890625,0.325439453125,0.4921875,0.0902099609375,0.020538330078125,0.411990188062191,0.0478515625,0.4560546875,0.34130859375,0.02325439453125,0.0544786630198359,0.1376953125,0.06878662109375,0.7744140625,0.84716796875,0.4609375,0.40869140625,0.4592141136527061,0.07568359375,0.421142578125,0.59912109375,0.1468505859375,0.0270843505859375,0.59675033390522,0.07440185546875,0.5546875,0.461181640625,0.03387451171875,0.1099200081080198,0.2181396484375,0.0994873046875
4,Falcataria Moluccana,94.97887126245716,0.1014532704675056,512.2064180748658,15.169069975762415,0.000156641086538,0.8536320662125324,0.0124919943178959,104.5141021240252,0.1218924295731513,507.5181046293801,14.863615649662115,0.000474671339456,0.8571175284345949,0.0217376486066224,37.95762814765519,0.0825621201463828,437.485925193354,14.967588651574305,0.00017865669741,0.7313106738199069,0.0133478473248787,25.78170517943917,0.2238762308204017,52.847419437122696,4.974079912095387,0.0007613471206912,0.9230310351180764,0.0275925192885914,33.08766751911467,0.2336400128122047,42.45402340198701,4.518820351487642,0.0008565495520439,0.933325785505312,0.0292668678208647,3.094934856402844,0.694704223725621,1.4154653908288803,0.7295641396270595,0.0417368163792592,0.8857179697566712,0.2042959039708315,2.519474403667925,0.8317710357228864,0.3999708946779774,0.3469076412916222,0.1122331565927955,0.8742412457345667,0.3350121737979018,7.364012740936461,0.4301215416493151,12.37677166384334,2.226342932639166,0.0057108718915246,0.8955338188358036,0.0755703109132457,0.7436525433918634,0.7995787133750407,0.3152553305741827,0.3161071114523668,0.392698612245669,0.0557528062536028,0.3916494572197046,0.5160850428406881,0.1017979176057565,0.0246602720928733,0.4928358805833889,0.0584465329061065,0.4926379948207716,0.3510765753425654,0.0360292338943019,0.1085876959253699,0.1413079219198853,0.1053985940187661,0.75732421875,0.8193359375,0.31640625,0.31640625,0.3868446797132492,0.052978515625,0.396484375,0.5146484375,0.092529296875,0.024871826171875,0.4951034039258957,0.055908203125,0.50048828125,0.3525390625,0.034332275390625,0.0972523353993892,0.1346435546875,0.10296630859375,0.70068359375,0.7626953125,0.24609375,0.29052734375,0.2917096316814422,0.042724609375,0.34326171875,0.463134765625,0.0728759765625,0.021331787109375,0.4018155559897423,0.045257568359375,0.447021484375,0.289306640625,0.0287628173828125,0.0642824321985244,0.1064453125,0.085205078125,0.80517578125,0.8603515625,0.390625,0.342529296875,0.4924809113144874,0.0654296875,0.44580078125,0.56494140625,0.11737060546875,0.0283050537109375,0.5927200615406036,0.0689697265625,0.54736328125,0.4072265625,0.04339599609375,0.1411594040691852,0.16552734375,0.12481689453125
5,Spathodea Campanulatum,99.63605054365404,0.085345083927056,468.6231435835207,15.310059724169552,0.0001687360179312,0.8367167016373599,0.012957359032213,102.01326604172424,0.0893966336868964,464.75586490509306,15.128846815319068,0.0002063748994255,0.8400212023744309,0.0143262691358711,48.60849669278264,0.0685565861103271,517.0422808662804,16.70893265144536,0.0001112815896162,0.816263445319509,0.0105265220100401,22.18296906402528,0.2716016802822063,26.022675614891376,3.640246674322902,0.0012860004130583,0.9392349773392588,0.0358608479132657,29.230063881711164,0.2807615050321873,25.82448081156092,3.5589171212556225,0.0013157215379574,0.9486933116923036,0.0362728760640431,2.900244640635469,0.6568996831764771,1.6446789166427411,0.8287395923054838,0.0393047428384934,0.8674340072181632,0.1982542378828091,2.1598179251603025,0.8275717052098339,0.3943379749258301,0.3530541200114843,0.1362038495608968,0.8468962889121714,0.3690580571683767,5.649730237343284,0.5145019609466837,3.8814240597186336,1.3752512202124607,0.0123458768621876,0.895816280390841,0.1111120014318328,0.7943453748223147,0.8049226143249891,0.4080007121540965,0.4081099909152664,0.3333077799684956,0.0726205406147568,0.3312603338808135,0.5451494625020489,0.1122863980193979,0.0219810828741732,0.4273173588137105,0.0742047391173823,0.425962939244854,0.3373506467481946,0.0373758238536392,0.0808339488182289,0.2077018483433821,0.0772812933532858,0.80419921875,0.81689453125,0.41015625,0.412841796875,0.3378583341836929,0.068115234375,0.333251953125,0.54296875,0.10003662109375,0.022064208984375,0.4377993494272232,0.06768798828125,0.4296875,0.333251953125,0.0372314453125,0.0779108479619026,0.20263671875,0.07781982421875,0.7607421875,0.77587890625,0.3046875,0.372314453125,0.2580506354570389,0.053924560546875,0.296630859375,0.489501953125,0.07733154296875,0.01959228515625,0.3533211350440979,0.052398681640625,0.387451171875,0.2841796875,0.0312042236328125,0.0572122307494282,0.172607421875,0.06787109375,0.84033203125,0.84912109375,0.51171875,0.44873046875,0.4113054499030113,0.0872802734375,0.3701171875,0.60205078125,0.1378173828125,0.024383544921875,0.5100841522216797,0.09033203125,0.47021484375,0.3828125,0.0435791015625,0.1009441725909709,0.238037109375,0.08709716796875
6,Terminalia Catappa,98.99620385309343,0.0991543553675206,563.6546938812867,15.90946419579472,0.0001882563507777,0.8449208083088986,0.0136847900319802,108.89245868218792,0.1261705126382994,533.0511327484404,15.184122680640847,0.0008213051909579,0.831716132255957,0.0285617615331087,39.00453566979079,0.067147844985144,599.1255983096137,17.748075103763988,0.000104970880724,0.7915121047637836,0.0102242880786338,25.531332164767733,0.2489172742476548,45.349125198818456,4.529112701658715,0.0009003184516675,0.923104651408984,0.0300053070583781,31.265162949978908,0.2878899382870178,32.32471313337878,3.76785917161684,0.0012622923991116,0.9322415225009166,0.0355287545392696,3.37517650209368,0.6173233039976431,2.284852062842861,0.9828955269906192,0.0252900348382293,0.8808109830197604,0.1590284089030302,2.4589044291881725,0.7919756739808165,0.5554439737721946,0.4387334858960626,0.0938047787302834,0.8613103530974083,0.3062756580766474,7.904643222319604,0.4142765725258084,11.022498945044958,2.2076070373616385,0.0048790518034779,0.901015320679238,0.0698502097597274,0.7791578870703797,0.8310156619670384,0.3337133948590184,0.3342915818782299,0.3830187369279175,0.058102123387318,0.3808630875210269,0.4777106298917605,0.0757248851310857,0.0258396652254443,0.4502435360017252,0.0695995323758126,0.448523571116863,0.2739939519371921,0.0436325457903597,0.1172071221352935,0.1263461620238379,0.1138850396872339,0.7861328125,0.83935546875,0.328125,0.33447265625,0.3826887458562851,0.05596923828125,0.37890625,0.47900390625,0.07098388671875,0.0255584716796875,0.4518651366233825,0.06689453125,0.4443359375,0.27197265625,0.042755126953125,0.1104508154094219,0.12158203125,0.11236572265625,0.73828125,0.79443359375,0.2265625,0.294921875,0.2847230732440948,0.0457763671875,0.332275390625,0.435791015625,0.057525634765625,0.02239990234375,0.3686791360378265,0.053863525390625,0.3984375,0.2347412109375,0.036041259765625,0.0715925730764865,0.101806640625,0.09539794921875,0.830078125,0.876953125,0.43359375,0.372802734375,0.4762618765234947,0.06866455078125,0.429931640625,0.5205078125,0.08831787109375,0.029205322265625,0.5342176407575607,0.08245849609375,0.4990234375,0.30859375,0.05047607421875,0.1547160074114799,0.1446533203125,0.1312255859375
7,Spathodea Campanulatum,64.5134230043629,0.0687465588375818,527.2075584195138,16.905393537192207,9.429334575312402e-05,0.8620590501932763,0.0096892942694505,75.35239490847447,0.0688726415941448,530.6664601272764,16.917684237010153,9.365069558975088e-05,0.8682628837470224,0.0096565456444107,35.33849129755429,0.0698822506745158,478.9694452906,16.29631825909376,0.0001155751425099,0.8192981726112614,0.0107283264226612,17.436149564198338,0.356784910919224,12.66179594228375,2.4914304548450894,0.0020876689419535,0.9632124291519952,0.0456910159873198,26.86424686882006,0.3370969080759441,15.8124771112576,2.721141873580898,0.0014735794738497,0.970785529120722,0.0383872306092766,1.3199434190287858,0.839416659789687,0.3752288874240094,0.3298908664762323,0.1434467080020891,0.8683822525423577,0.3787435913676813,1.5147220391122829,0.8874817967178081,0.2349941404819453,0.2266809492419248,0.2077356151082242,0.8667615959289025,0.4557802267631015,3.441464330183843,0.6718563663196071,1.3701384311140408,0.7647403501062038,0.0347062996005904,0.924211557700191,0.1862962683485379,0.5376469248083466,0.6208087829606503,0.3154318442300057,0.316561655725018,0.2617428186373952,0.0897924380194871,0.2606582984270217,0.6446405768249522,0.2067161568956619,0.0151198876135112,0.397171698089808,0.0817139630116654,0.3972778290021348,0.5582870339136827,0.0143809778944322,0.0467447210861465,0.3072028802717266,0.0432770266485923,0.54638671875,0.62890625,0.3203125,0.32177734375,0.2607597410678863,0.0843505859375,0.258544921875,0.63916015625,0.1734619140625,0.0150222778320312,0.410876452922821,0.07708740234375,0.39794921875,0.55322265625,0.0144729614257812,0.0424517579376697,0.2998046875,0.041748046875,0.48095703125,0.5595703125,0.2109375,0.263671875,0.1882693171501159,0.06854248046875,0.210205078125,0.58935546875,0.1376953125,0.0115127563476562,0.3059645816683769,0.058074951171875,0.329833984375,0.50830078125,0.0108413696289062,0.0299223233014345,0.250732421875,0.033477783203125,0.603515625,0.69091796875,0.421875,0.374755859375,0.330006293952465,0.1048583984375,0.308837890625,0.68798828125,0.2254638671875,0.0187187194824218,0.4918354228138923,0.0994873046875,0.467041015625,0.5986328125,0.0178985595703125,0.0597035875543952,0.349365234375,0.0518798828125
8,Shorea Leprosula,74.41503350473366,0.1346531914422967,208.55071399089823,10.156860815827113,0.0003013431705164,0.8976083945630506,0.0173248317781561,82.45365551425319,0.133189412677845,215.03681389378568,10.307918632120195,0.0002945363169335,0.9146063813878746,0.0171280624054089,27.697097312914707,0.1349220872719468,196.1375805830077,9.943478461420307,0.0004601124922616,0.8254398187555905,0.0214064965048399,13.953241315136475,0.4615100838615742,7.755428039702233,1.8430521091811416,0.0066735328514737,0.964605013097615,0.0816916938952409,18.60790167493796,0.4275937583762136,9.334522332506204,2.048076923076924,0.0043927544136254,0.9676237915376844,0.0662778576420924,1.7266206575682386,0.8940631561366673,0.2274348635235731,0.2144075682382134,0.2288075282494735,0.8519686685770607,0.4783382989574152,1.252869106699752,0.9371975806451612,0.1289547146401985,0.1261631513647642,0.4233798180586897,0.8092513603606899,0.6506764311535264,4.1448511166253095,0.7242316183395575,1.029854218362283,0.626008064516129,0.0518258313597922,0.9401502869836056,0.2276528747013581,0.6091361130340189,0.6681965115704114,0.2291847969409282,0.228426621835443,0.2132071241469197,0.07986934677961,0.2107031971090453,0.7237613726265822,0.3069235757433412,0.0113434224189082,0.2839539924848683,0.0716242053840733,0.2810873941027162,0.609603482660865,0.0175439923121456,0.0548144063428987,0.2558635985297995,0.0515513939193532,0.61083984375,0.667236328125,0.21484375,0.2288818359375,0.2147444188594818,0.0804443359375,0.2100830078125,0.720703125,0.28369140625,0.011322021484375,0.2892713844776153,0.072357177734375,0.280517578125,0.6181640625,0.01763916015625,0.0525135062634944,0.259033203125,0.0511474609375,0.5867919921875,0.64013671875,0.16015625,0.2125244140625,0.1573260053992271,0.064697265625,0.1915283203125,0.6844482421875,0.245574951171875,0.0104503631591796,0.2197363227605819,0.059234619140625,0.2587890625,0.5576171875,0.016571044921875,0.0376742156222462,0.223602294921875,0.045989990234375,0.6298828125,0.697265625,0.28515625,0.2427978515625,0.2673125714063644,0.093994140625,0.227447509765625,0.76025390625,0.3564453125,0.012176513671875,0.3468710780143738,0.0841064453125,0.30126953125,0.65869140625,0.01873779296875,0.0696366745978593,0.291748046875,0.05670166015625
9,Syzygium Polyanthum,68.92522765631756,0.0960652724762468,272.2244873642948,12.000481223778266,0.0001717614096215,0.9023087328544588,0.0130791327665749,79.27557797202208,0.0967324364069572,271.5974173151927,11.953432224456774,0.0001747167975976,0.900761820829466,0.0131920088952198,31.74140869859141,0.0967365131896775,251.30965548068656,11.669064903814435,0.0002418344734899,0.8248348117543416,0.0155197022472473,17.590725504861638,0.461414709488236,6.622378459237098,1.6535228122662675,0.0042557475543601,0.963011397649018,0.0652360908880976,26.134435302916973,0.4825354761575174,6.733253552729993,1.5530590875093495,0.0039307922659209,0.9715331837833224,0.062696030703075,1.709364248317128,0.8699406180514897,0.2892744951383694,0.2648616305160807,0.1687264283504581,0.8940993866007574,0.4107632266287455,1.549184741959611,0.9297860882572928,0.1445923709798055,0.1411219147344801,0.2974872368003697,0.8583712442853677,0.5454239056003777,4.245205684367988,0.7205782408340989,1.0413163799551235,0.6291099476439792,0.0400338233656994,0.938244574227676,0.2000845405464886,0.5685155815631541,0.6527586229804422,0.2680212830324437,0.2716638649901066,0.2535233147754244,0.1423493325928628,0.2549013881393904,0.7547796883176348,0.3333801045959249,0.0144651330122456,0.3630236342525931,0.1422646147739444,0.3653688759157509,0.6120343570120356,0.0174266368041545,0.054491461048313,0.3570461462830324,0.0518613518875098,0.58251953125,0.666015625,0.265625,0.276123046875,0.252681016921997,0.1427001953125,0.259765625,0.75341796875,0.306396484375,0.0148391723632812,0.3671448826789856,0.1456298828125,0.370361328125,0.61181640625,0.0175323486328125,0.0507273338735103,0.3427734375,0.052520751953125,0.509765625,0.5966796875,0.1953125,0.238525390625,0.2084611132740974,0.12255859375,0.221923828125,0.7158203125,0.25439453125,0.0117111206054687,0.3139235973358154,0.116943359375,0.327880859375,0.55322265625,0.0131988525390625,0.0393843287602067,0.29833984375,0.04034423828125,0.63232421875,0.71484375,0.33203125,0.302734375,0.2990563064813614,0.16162109375,0.28955078125,0.79736328125,0.392578125,0.0168609619140625,0.4166532531380653,0.1669921875,0.40576171875,0.671875,0.0211944580078125,0.06631032936275,0.4228515625,0.062347412109375
10,Cinnamomum Iners,88.76948044645252,0.0792930562156218,408.8082269685402,14.79710053546848,0.0001260115340608,0.885030554763103,0.0112002873068326,94.96063491007956,0.0834121539681916,403.30212574677614,14.62075071339455,0.0001480177331725,0.8858910435330586,0.0121339348421187,29.70509416410161,0.074799031492411,386.4915611261218,14.775759144544748,0.0001573903466687,0.8082335844678699,0.0125197209248817,20.06435341684893,0.3169368989163062,14.413389010406313,2.7990985616756148,0.0018625274044641,0.9540357517283028,0.0431570087525086,27.43028435076557,0.3451256921256256,11.000609796513556,2.4457479949625505,0.0021503521110007,0.9648298257051892,0.046371889232602,2.495433154371314,0.7528139444517628,0.7283754225492145,0.5324716643467886,0.064071009035335,0.9092170327444687,0.2531225178354052,1.806807184993704,0.8908848677669516,0.2252932988665739,0.2194074368661762,0.2222228611008494,0.853409488447231,0.4714051984236591,5.805912374892296,0.5287169023299987,3.460489162855439,1.3040896135746003,0.0116837795592131,0.9294218795009124,0.1080915332448069,0.7111503519448554,0.7541571661340366,0.2546296131629865,0.2554952527532556,0.2966892219071761,0.0720849329879463,0.2952894938354816,0.6134292182253728,0.1726640064063804,0.0169236440562326,0.3904457368349265,0.0753826884093075,0.3905862874367483,0.3695934818695344,0.0285996897953831,0.0828963813122642,0.1748480162550714,0.0795036285235981,0.72314453125,0.7685546875,0.2421875,0.248779296875,0.2942381650209427,0.068084716796875,0.2978515625,0.611328125,0.158447265625,0.0169830322265625,0.3929956406354904,0.0716552734375,0.39501953125,0.366455078125,0.0287628173828125,0.0780785158276557,0.1658935546875,0.08026123046875,0.6669921875,0.71533203125,0.1640625,0.228515625,0.2232328094542026,0.055908203125,0.262939453125,0.56640625,0.133544921875,0.0149612426757812,0.3225492388010025,0.05682373046875,0.357177734375,0.322509765625,0.0243072509765625,0.0525932563468813,0.14208984375,0.06854248046875,0.76025390625,0.8037109375,0.3359375,0.278564453125,0.3701537847518921,0.08270263671875,0.331298828125,0.66064453125,0.192138671875,0.018951416015625,0.4651826918125152,0.08929443359375,0.430908203125,0.409423828125,0.033111572265625,0.1084533166140317,0.1962890625,0.0908203125
11,Clausena Excavata,68.97024869757689,0.0871879903575209,301.1794369168468,12.812201560926605,0.0001865345409444,0.8739321157271318,0.0136324282039778,82.74815331223965,0.0874601980742967,303.73289130968266,12.844004610143104,0.0001878327203388,0.8778926232651577,0.013679152581003,25.795200674901984,0.0888531185221427,272.5690146360592,12.335078746308804,0.0002501933807807,0.7972299981519975,0.0157875980657743,19.4124474789916,0.4026398860882755,7.548004201680672,1.984243697478992,0.0032167724626615,0.9624707958199936,0.0567165977705074,27.596244747899146,0.4009703882244019,7.664915966386554,1.996218487394958,0.0030016239032377,0.9671222329539552,0.054787077885554,1.5176995798319328,0.8714968487394957,0.2682247899159664,0.2588760504201681,0.2015138284173963,0.8473223077669256,0.4489029164723664,1.5035976890756302,0.9269222689075628,0.1471638655462184,0.1463235294117646,0.3334219947170044,0.812152426172951,0.5774270470951325,4.571428571428572,0.6959642479438137,0.9521533613445378,0.6632878151260505,0.0333512678968646,0.9305213303332496,0.1826232950553259,0.5697427619485295,0.6751993910845588,0.2194738051470588,0.2178817210477941,0.2873931911763023,0.0963983531278722,0.2845529067095588,0.734298828125,0.3022515510110294,0.0137820461497587,0.3978377379810109,0.0918592816521139,0.3954094669117647,0.6205234662224265,0.0152482353659237,0.0591864273110952,0.3024132869944853,0.0555088788200827,0.57568359375,0.68115234375,0.21484375,0.212890625,0.2894642949104309,0.09747314453125,0.281005859375,0.7314453125,0.290283203125,0.0137939453125,0.3990063667297363,0.091064453125,0.39208984375,0.62548828125,0.0152969360351562,0.0590654555708169,0.303466796875,0.055450439453125,0.5419921875,0.64306640625,0.15234375,0.2015380859375,0.2378146685659885,0.08050537109375,0.255859375,0.7060546875,0.255126953125,0.0125045776367187,0.3433701619505882,0.0740966796875,0.36376953125,0.59375,0.013702392578125,0.046093706972897,0.275390625,0.049560546875,0.6025390625,0.712890625,0.28125,0.230712890625,0.3402034640312195,0.112060546875,0.318115234375,0.7646484375,0.33990478515625,0.015228271484375,0.4543033987283706,0.10919189453125,0.43212890625,0.6533203125,0.016998291015625,0.0720277167856693,0.331787109375,0.0618896484375
12,Cinnamomum Iners,92.43246971004848,0.096246065583473,276.4835394915823,12.09902051078418,0.0001776391705152,0.894014133764252,0.0132997045748952,102.29701079766028,0.1031910232894992,264.18556390682085,11.7608873551205,0.0002277961472496,0.8934908410691293,0.0150545195511336,40.88867022930542,0.0871641234828938,286.83304812203926,12.608618116290392,0.000178139047313,0.854489127336691,0.013318690365438,27.15411514575061,0.3172813483271703,13.938566552901024,2.7617355788060203,0.0015158019424736,0.969032442254568,0.0389333012018457,35.7874167739048,0.3372861280186535,11.61373300509148,2.520128126223913,0.0017801377795864,0.9736529302790976,0.0421916790325591,2.861278184971745,0.7771987046232485,0.6671655569853969,0.4808230291501147,0.073558332441602,0.9213865903972984,0.2712163941239578,2.4201728864768084,0.8809083533821966,0.246475130084485,0.2395652660437531,0.1671667809866056,0.8877554838015397,0.4088603441110493,7.067937671347843,0.5565361854987313,2.791221395400884,1.1639344262295082,0.0122698748988434,0.9423991406864324,0.1107694673583087,0.7327169996692289,0.8044853259671119,0.3354971805695564,0.3364525185861895,0.3970153660031276,0.0781077426479708,0.3989888271208732,0.5885890689972908,0.1453070351385301,0.0229171245328841,0.5105733739647774,0.0846809928647933,0.5133704154722152,0.4011009413196194,0.0313850685857957,0.0957757855347553,0.1955413553791661,0.0931691828081684,0.73828125,0.81298828125,0.33984375,0.33935546875,0.4055948704481125,0.07708740234375,0.406494140625,0.59326171875,0.140625,0.02294921875,0.5233289897441864,0.08355712890625,0.52197265625,0.4033203125,0.0308074951171875,0.0941103734076023,0.1937255859375,0.0941162109375,0.6982421875,0.7607421875,0.25390625,0.301513671875,0.3136088848114013,0.061676025390625,0.33392333984375,0.54638671875,0.115966796875,0.0194854736328125,0.433094784617424,0.06646728515625,0.450927734375,0.35302734375,0.0270233154296875,0.0688895136117935,0.1646728515625,0.0777587890625,0.775390625,0.8564453125,0.421875,0.370849609375,0.484577402472496,0.093017578125,0.465087890625,0.6376953125,0.1712646484375,0.0264892578125,0.5968597084283829,0.102783203125,0.57861328125,0.45654296875,0.03515625,0.1180827114731073,0.2254638671875,0.1077880859375
13,Cratoxylum Formosum,106.76402576763483,0.1306267006720332,266.71691901395894,10.825020255665734,0.0003453841525127,0.8940257955698492,0.0185313876458348,114.60900665410252,0.1507308035265786,255.9500867354139,10.392463329022366,0.0009402683260713,0.8809100365642395,0.0305680695309311,37.42480506179501,0.0935239284731034,284.77866704061233,12.213291354255094,0.000168355685555,0.881073367095905,0.0129421049159542,29.049716914366584,0.3224516834911737,17.508669497522998,2.8685185185185187,0.0016961883180039,0.9554234850304436,0.0411848068831696,36.390867539514,0.3569551019100103,14.1871372965322,2.5218624675631047,0.0021204749838625,0.9582087899908496,0.0460486154391485,3.954087048832272,0.729323126257078,0.9655933003066762,0.6048124557678699,0.0415992888925952,0.9361166113538224,0.203959037290813,2.6380986081623026,0.879055185686883,0.2607218683651805,0.2449988204765274,0.1627244722870695,0.8961408373570465,0.4033912149354142,9.18211842415663,0.4897513066856829,5.0608221278603445,1.5288098608162304,0.0072313518076371,0.943561535688139,0.0850373553659632,0.8194505577638868,0.8627115898204254,0.3088855525219987,0.3093475840512796,0.4177557998201338,0.0701709461991401,0.4166211946440672,0.5597185749890743,0.1339035247572557,0.024666024393289,0.5081102715035998,0.0790236589070913,0.5072916602728728,0.3142776153583634,0.044893473248149,0.1271179931042487,0.1430051538646033,0.1242086131193591,0.8271484375,0.86669921875,0.30078125,0.310546875,0.4172470420598984,0.06781005859375,0.41357421875,0.55810546875,0.1201171875,0.02459716796875,0.5113933086395264,0.07666015625,0.5048828125,0.307373046875,0.04449462890625,0.1201586984097957,0.137939453125,0.1207275390625,0.77734375,0.83056640625,0.2109375,0.2666015625,0.3435545116662979,0.05438232421875,0.372314453125,0.505859375,0.09527587890625,0.021453857421875,0.4415301457047462,0.060943603515625,0.46435546875,0.260498046875,0.036407470703125,0.0892936140298843,0.113037109375,0.103759765625,0.86669921875,0.90185546875,0.3984375,0.353271484375,0.4936783239245415,0.08416748046875,0.45654296875,0.6142578125,0.15869140625,0.02777099609375,0.5806794315576553,0.09527587890625,0.54931640625,0.360107421875,0.0517578125,0.1589625105261802,0.1678466796875,0.1405029296875
14,Alstonia Angulstiloba,106.83967334593044,0.142867268893428,210.52063200503585,9.492963958363962,0.0004686532087818,0.8888011921633961,0.0216020402794194,116.19594807805603,0.153390890287055,209.57434714978808,9.310364461669105,0.0007076594070881,0.8937251853666422,0.0265478775094449,40.004441872954345,0.1188216461980181,208.1699795435654,10.082674850329626,0.0003360518285544,0.8228950852967409,0.0182910617304376,29.739989739989724,0.2951343589932055,16.527324027324028,3.0301455301455302,0.0018257053282838,0.9564685744973328,0.0427282731722665,33.49136674136675,0.3678834566724605,9.602897102897105,2.268744768744769,0.0032070501870971,0.962026496058158,0.0566308236484087,4.237539487539488,0.7618727915108003,0.6120771120771119,0.4987849987849986,0.0587623687463037,0.9180521490280432,0.242409506303494,3.092279342279342,0.8899343899343899,0.2223992223992223,0.2205092205092205,0.1838229294489251,0.8898455145323516,0.4287457631848099,10.32771957771957,0.5012221046614271,3.617868617868618,1.3845073845073843,0.0090176655671971,0.9412792531350024,0.0949613898760813,0.8087288221631942,0.870138618396757,0.3159490072507144,0.3163918480225269,0.4234306803274552,0.071872082862963,0.4218570411348007,0.5693910327244608,0.1380515369271794,0.0276025794340006,0.453862492095803,0.0900157763616011,0.4528494201646013,0.3698233859809916,0.0443278390983545,0.1352366833353824,0.1589963144986079,0.1319470896521636,0.8203125,0.88671875,0.32421875,0.31591796875,0.4439619779586792,0.0699462890625,0.433837890625,0.56982421875,0.13232421875,0.027984619140625,0.4712939411401748,0.08642578125,0.4638671875,0.3662109375,0.04498291015625,0.1413972601294517,0.1539306640625,0.1353759765625,0.77490234375,0.837890625,0.25390625,0.29638671875,0.3557798117399215,0.053924560546875,0.384765625,0.51318359375,0.103515625,0.025177001953125,0.4036614671349525,0.06591796875,0.423095703125,0.31640625,0.039581298828125,0.1065647918730974,0.1258544921875,0.11865234375,0.853515625,0.91650390625,0.3828125,0.3369140625,0.509256049990654,0.0867919921875,0.4697265625,0.6240234375,0.1619873046875,0.030517578125,0.5225026905536652,0.1099853515625,0.492919921875,0.41650390625,0.049835205078125,0.167556919157505,0.1864013671875,0.1485595703125
15,Spathodea Campanulatum,101.48480420779032,0.0964990326843202,341.8366643594516,13.208793682737976,0.0002046317036706,0.8702962721401841,0.0142733847073662,107.87827546093384,0.107788385452042,334.6300835444911,12.913695833655602,0.0003422764129161,0.8605107336955142,0.0184469060862731,57.698608855662286,0.0827099597955119,363.5236223476985,13.940071742170424,0.0001471065086011,0.8608316064104907,0.0121025990976144,25.1065475167555,0.2654174475492669,23.275505527868475,3.519619636821905,0.0014409983899456,0.9358579287292168,0.0379604845852317,32.09174686372232,0.2904552608978673,19.27125221973993,3.1519590995016324,0.001652984379996,0.9479254980943856,0.0406569106056522,4.169115541043708,0.6144277232889167,2.0508821676118463,0.956965687116916,0.0248066227749577,0.8956306475333266,0.1575011834081182,3.105938878386893,0.8077327172623514,0.4475568539840751,0.3949418571346738,0.0919065897380287,0.8898775899177588,0.3031609963996503,8.310384086612823,0.4165826312627579,7.045798247121497,1.9078306696454144,0.0060183751891721,0.9091516802354572,0.0775781875862808,0.7985618550834352,0.8370383892514661,0.4728923767251741,0.4713672010588709,0.3753655687898128,0.0701920910286334,0.3723031861080099,0.4600153576473975,0.068817899461134,0.0317585635880892,0.467295318328873,0.0754259995503514,0.4647163876804179,0.2715689269554077,0.0536308427704424,0.122950439108111,0.1414399823712417,0.1192667610765452,0.80419921875,0.84326171875,0.48046875,0.468017578125,0.3737467676401138,0.069091796875,0.369140625,0.4619140625,0.0672607421875,0.031646728515625,0.4687394350767135,0.073638916015625,0.4599609375,0.26953125,0.053009033203125,0.117925114929676,0.141845703125,0.11932373046875,0.765625,0.81005859375,0.3828125,0.426025390625,0.3081645742058754,0.056671142578125,0.3408203125,0.4140625,0.052459716796875,0.0283660888671875,0.404071144759655,0.059661865234375,0.428466796875,0.2303466796875,0.045440673828125,0.0891226399689912,0.12158203125,0.107666015625,0.83984375,0.87158203125,0.5703125,0.51708984375,0.4417157396674156,0.08135986328125,0.40380859375,0.5087890625,0.0822296142578125,0.035125732421875,0.5361512005329132,0.089111328125,0.498779296875,0.310791015625,0.061248779296875,0.1512969546020031,0.160400390625,0.1312255859375
16,Clausena Excavata,76.34202333950053,0.0931186143616748,323.0082694179467,12.80056416772484,0.0001744823237659,0.9074444866486412,0.0131803824332504,89.2551306761323,0.0934001753800967,331.33029901418365,12.895061290134766,0.0001777514175628,0.9169512918496134,0.0133034116737703,24.768086166227413,0.0930205620441528,269.6607442853835,12.103513453461694,0.0002490459096988,0.7902704689685495,0.0157473945331153,21.49056136440036,0.3495290911145167,11.216938237531624,2.4573182598234347,0.0018671761990202,0.9746997388950608,0.0432108342782258,29.536834562921324,0.3436224498553364,11.843815791801568,2.512322417422996,0.0016249231623828,0.980493029817328,0.0403103356768811,1.6785821700900516,0.8511542932549062,0.3256904269058613,0.302337101710808,0.1411994464544311,0.8748158133068034,0.3757651480039509,1.6227022627956758,0.9182032093130232,0.1645701749730198,0.1637563469737983,0.2920812764512517,0.8404289106172865,0.5404454426223351,5.035941121313449,0.6491448488554218,1.4171930010792066,0.8152433522636803,0.0217391469831567,0.942273606865141,0.1474420122731533,0.6149684505857073,0.7120175273244971,0.2085256532599378,0.2075839376291201,0.3176862384767125,0.0743288963691452,0.3123761999329915,0.6943757839809848,0.2645732798300971,0.0145713157698769,0.4248832379268508,0.0667884200891216,0.4194007578430535,0.547090202387948,0.0170613955317184,0.0663642993591357,0.2503007009815431,0.0622644184308331,0.630859375,0.73095703125,0.203125,0.207275390625,0.3376373052597046,0.0714111328125,0.319091796875,0.69775390625,0.251220703125,0.0147705078125,0.4509001076221466,0.06317138671875,0.427001953125,0.55322265625,0.017425537109375,0.0688597708940506,0.247802734375,0.0633544921875,0.5791015625,0.67236328125,0.140625,0.192626953125,0.2443197816610336,0.056243896484375,0.2666015625,0.654296875,0.211669921875,0.0130691528320312,0.344497412443161,0.0482177734375,0.361328125,0.5068359375,0.0146865844726562,0.0481062466278672,0.2088623046875,0.05419921875,0.671875,0.77978515625,0.26953125,0.2220458984375,0.4043120145797729,0.0899658203125,0.365966796875,0.736328125,0.30419921875,0.01641845703125,0.5263256430625916,0.08270263671875,0.485107421875,0.59228515625,0.0198211669921875,0.0856842137873172,0.28857421875,0.07275390625
17,Syzygium Polyanthum,91.6068766383155,0.0817093264955235,350.5222568210733,13.859337927268225,0.0001672210305824,0.8532962368652672,0.0129095678245874,101.000709805283,0.0855271842818698,339.3735584826079,13.56589174023619,0.0001947023020864,0.8498445064426468,0.0139257048689781,40.23760322472004,0.0754878776019761,367.19107316068585,14.44893128135002,0.0001715883452971,0.8067767722294101,0.0130768195031153,25.02031744950437,0.3120948377957658,13.7803058687285,2.7783643857079605,0.0018900781191962,0.9542078184225848,0.0434750286853984,35.51944889131096,0.3334763752942985,12.094553629210804,2.5693654416022342,0.0020564269253296,0.961370037942242,0.0453478436679147,2.4565720903300536,0.7631167966058761,0.6389522803910215,0.5008685581933989,0.0808609145095821,0.8648112974871075,0.2843605361325339,2.2154364930685646,0.8860894444633672,0.2311727238666167,0.2283797132054906,0.2129369950722284,0.8414712259880711,0.4614509671376022,6.162658809904971,0.5510403094706618,2.65329200585851,1.1627780237746517,0.0144286313456416,0.9220829053728296,0.1201192380330545,0.7439350088709803,0.809838036445999,0.3470342589274585,0.3448480089956219,0.3797979381798613,0.0782197269733062,0.3739410632420074,0.6252293972456142,0.1668730422800561,0.0212187683227189,0.5163522309478673,0.0843167096380133,0.5121275174206188,0.44718821084694,0.0284275633578851,0.0887262230645203,0.2029290986777273,0.0840711768363221,0.748046875,0.81591796875,0.34765625,0.347900390625,0.3828851282596588,0.0780029296875,0.375,0.62744140625,0.16162109375,0.0214691162109375,0.5224907696247101,0.08245849609375,0.51220703125,0.44580078125,0.0285797119140625,0.0861636102199554,0.1993408203125,0.08428955078125,0.71240234375,0.775390625,0.265625,0.32672119140625,0.3124861195683479,0.063720703125,0.33447265625,0.59326171875,0.1365966796875,0.0193023681640625,0.4532452598214149,0.06842041015625,0.4697265625,0.409423828125,0.0252685546875,0.0642493404448032,0.172607421875,0.07330322265625,0.7783203125,0.84765625,0.42578125,0.36474609375,0.4487513452768326,0.09149169921875,0.409912109375,0.6591796875,0.189453125,0.0232696533203125,0.5857749879360199,0.09722900390625,0.54931640625,0.480712890625,0.031463623046875,0.1101413127034902,0.2288818359375,0.09295654296875
18,Sandoricum Koetjape,88.98689642144984,0.0892500827913696,382.2269221620723,14.203438301998707,0.000138505947227,0.9191431488683474,0.0117340122580754,97.44978982373254,0.0981307451857521,361.9601547487866,13.7340924309774,0.0002582726802088,0.902229462304038,0.0160059303210914,35.185282784537634,0.0751608908361563,390.6171242314736,14.763192741487304,0.0001300473812283,0.8708996850157539,0.0113781450517463,23.56401036089484,0.3146655933285178,16.293375394321767,2.942117905825833,0.0014298437680396,0.9694849340946032,0.0378132750239859,33.34871791161406,0.3375075359012839,12.86416519549677,2.5989204989436514,0.0015503415635309,0.9757222232798178,0.0393743769922896,2.4168379011952643,0.7278542041054428,1.0828582178103203,0.6284258964489337,0.0663368805398599,0.9333974321091704,0.2575594699091065,1.972976297282436,0.8740992099094146,0.2662142216305385,0.2542036870893989,0.1711111694409406,0.8928171517423396,0.4136558587049633,5.751866697537115,0.5543551472479636,3.4155500245998907,1.244971493068619,0.0145815683636786,0.9415877299766194,0.1207541649951613,0.704982105020416,0.7629361001118524,0.2963879567856237,0.2987532341617277,0.3474799218148993,0.0684357397132342,0.3469092992611073,0.5795263479979478,0.151349341732332,0.0189764322341495,0.4784815607490452,0.0736350707503248,0.4793610176256656,0.3620303465435036,0.0290827038644374,0.0798012145938459,0.1974624362323959,0.0767419816997907,0.72265625,0.7783203125,0.27734375,0.28759765625,0.3455284833908081,0.0638427734375,0.351318359375,0.5830078125,0.138427734375,0.018829345703125,0.4887147694826126,0.07000732421875,0.486572265625,0.3447265625,0.0281219482421875,0.0724947415292263,0.1846923828125,0.07659912109375,0.63525390625,0.7044677734375,0.18359375,0.25244140625,0.2503503412008285,0.05047607421875,0.284912109375,0.5185546875,0.1023406982421875,0.0155410766601562,0.3944179639220238,0.0537109375,0.418212890625,0.28369140625,0.0209503173828125,0.0472041107714176,0.150634765625,0.06024169921875,0.7822265625,0.82958984375,0.3984375,0.33251953125,0.4400555938482284,0.08056640625,0.40478515625,0.640625,0.1859130859375,0.022003173828125,0.572005569934845,0.08843994140625,0.541015625,0.41259765625,0.03533935546875,0.1045481208711862,0.22607421875,0.0916748046875
19,Sterculia Parviflora,92.85612980999728,0.0927250211709288,270.24502680264305,12.175911358034908,0.0001877492500283,0.8721461588313713,0.0136733046425589,103.87925400291098,0.0987085205774477,259.7571514411836,11.865279552893938,0.0002326812279136,0.859940542978576,0.0152194670155683,31.44252698646606,0.0857102549884002,288.2491715898032,12.750503098361651,0.0002109485108228,0.824930585665122,0.0144952728115526,26.1700445173384,0.3115801386883101,14.146731490159326,2.804592314901593,0.0018825403362208,0.9557552631415628,0.0433882511311629,35.98008434864101,0.3363260968798068,11.85241916588566,2.51947633552015,0.0021684400263748,0.9658067938236536,0.0465665118553544,2.4998535613870674,0.8050993370637851,0.4683985473289597,0.4028526241799437,0.101528913988464,0.8941409925651999,0.318636021172221,2.1139292408622308,0.891978092783505,0.2203315370196813,0.2167584348641049,0.2498511570558103,0.8396848539778056,0.4998511348949908,6.548251522961583,0.5523170694653496,2.576470243673852,1.152384020618557,0.0148422117598138,0.9197220684325954,0.1218286163420314,0.74053544204895,0.8183239728715426,0.2595725766473459,0.2589272325883097,0.3910546104128413,0.0771322981574706,0.3892047068246962,0.6490485591085456,0.202394396642468,0.0197178066952674,0.5227186014348835,0.0826178048959902,0.5213663513543574,0.4531667700428679,0.026811760713687,0.0900338208023477,0.2105565950689651,0.0867245348095772,0.7431640625,0.82080078125,0.25,0.25634765625,0.3904353380203247,0.07550048828125,0.390380859375,0.653076171875,0.191650390625,0.0196685791015625,0.5265925824642181,0.08013916015625,0.525390625,0.455810546875,0.026336669921875,0.087160088121891,0.2095947265625,0.086212158203125,0.70947265625,0.7958984375,0.1796875,0.2393798828125,0.3273762613534927,0.0625457763671875,0.35986328125,0.60400390625,0.156463623046875,0.01812744140625,0.4656556993722915,0.0672607421875,0.4921875,0.40087890625,0.0233917236328125,0.0675181448459625,0.183349609375,0.078857421875,0.77392578125,0.8466796875,0.33203125,0.276611328125,0.4527456685900688,0.089599609375,0.420166015625,0.6953125,0.2337646484375,0.021240234375,0.5840938985347748,0.09613037109375,0.55419921875,0.50927734375,0.0298004150390625,0.1079281996935606,0.2364501953125,0.09442138671875
20,Alstonia Angulstiloba,103.90374814969044,0.13187376043515,141.1238812216531,8.523477254068519,0.000397522349735,0.8789317670395451,0.0198972015926963,118.62558778571474,0.1488988999769583,130.58128928949222,8.046690293742952,0.0006903982475843,0.8686801070317595,0.0262071209922208,36.82715844522892,0.1116771302469271,169.20077617242714,9.6431114082627,0.0003155201784993,0.8585791984539592,0.0177256943645193,33.55694726430319,0.3147258259822092,13.504867510021343,2.713738351814253,0.002407454233976,0.9428067471245416,0.0490658153297801,41.45554687906704,0.3589970982912991,10.058503826331409,2.2879379457545945,0.0030161031641767,0.9548358963275106,0.0549190601173828,3.39972408766724,0.7632863027083384,0.6511843406736426,0.502025092404602,0.0802071459244512,0.8758067316531264,0.2832086614573276,3.03124577021188,0.8900806913425999,0.2249362278098808,0.2206882190639804,0.2309544185808121,0.8381982334579803,0.4805771723467648,9.946155447967095,0.5308761216581316,2.8475922744546827,1.221708574105888,0.0130375541049789,0.921187974780308,0.1141821093910028,0.7993773233632857,0.8997992644673457,0.3094197174523606,0.3085507597939553,0.4910285284827475,0.1125792610767351,0.4886910917002186,0.6693283237288022,0.2062180537548217,0.0282635340511595,0.5893149183533315,0.1295773884813397,0.5876984545259617,0.4617398901061664,0.0369226659659775,0.1324652877817697,0.228804101607634,0.1288247508807393,0.8046875,0.904296875,0.30859375,0.3134765625,0.4925656765699386,0.1126708984375,0.490966796875,0.6767578125,0.20166015625,0.0283966064453125,0.5926863253116608,0.129150390625,0.58837890625,0.46533203125,0.037109375,0.130748376250267,0.23095703125,0.1287841796875,0.7734375,0.87841796875,0.24609375,0.279296875,0.4416377395391464,0.0960693359375,0.45751953125,0.63916015625,0.17236328125,0.0264434814453125,0.5435619503259659,0.1094970703125,0.55322265625,0.424560546875,0.03363037109375,0.1108679007738828,0.201171875,0.11822509765625,0.82666015625,0.92431640625,0.3671875,0.340576171875,0.5412313491106033,0.1297607421875,0.52294921875,0.70751953125,0.2310791015625,0.030120849609375,0.6366492807865143,0.1497802734375,0.62744140625,0.50390625,0.0400390625,0.1517018973827362,0.259765625,0.1395263671875
21,Claoxylon Indicum,82.97115430934285,0.0848666838724305,337.8123005669559,13.625320156113125,0.0001560618512531,0.8677612572182192,0.012465543922789,97.92547218682664,0.0888951062615648,334.6257924548658,13.498858586604555,0.0001734342460513,0.8682768503389354,0.0131385270434955,31.527955125427763,0.0810669898814769,325.0296563534624,13.569105399849343,0.0001745855941257,0.8227355809496821,0.0131855841882073,19.70123363781901,0.3575782873064073,10.19199547980036,2.34575760429419,0.0028618986656466,0.9485193315652654,0.0534967164006041,28.070599868160865,0.3666987029587175,9.910236368772956,2.274338449948206,0.0029485443388732,0.9574768593464144,0.0543005003556433,1.8416329221207268,0.8444228619494044,0.3384876165363971,0.3155476033524814,0.1440578988380789,0.869901156427751,0.3795495999709115,1.7211507674922306,0.903527971505016,0.197363216875412,0.1936717205009887,0.2619834287901879,0.8435315134117548,0.5118431681581653,5.148036538280436,0.6093773318376359,1.8191920143139664,0.9395988322817592,0.0207067400318797,0.9206193157847536,0.1438983670229782,0.6527964855426851,0.7656087225273467,0.259235129645097,0.2593444248246641,0.2749312509123792,0.0979296039929878,0.272649756182778,0.6739857195550158,0.212013777224234,0.0152051543429241,0.3845870591322111,0.0966087209613107,0.3834304429464495,0.5483603712528757,0.0177249197425795,0.0662201983638225,0.2443877009362773,0.0625899026279439,0.66162109375,0.7783203125,0.25390625,0.260498046875,0.2805373221635818,0.096435546875,0.274658203125,0.6767578125,0.204833984375,0.0153045654296875,0.3938137292861938,0.09515380859375,0.3857421875,0.5498046875,0.0180511474609375,0.0650307647883892,0.242919921875,0.06402587890625,0.6337890625,0.75048828125,0.1796875,0.243408203125,0.2279796376824379,0.08258056640625,0.2587890625,0.64208984375,0.173828125,0.0141143798828125,0.3398031517863273,0.0789794921875,0.367431640625,0.5126953125,0.0163116455078125,0.0480924760922789,0.216552734375,0.0586013793945312,0.6875,0.80078125,0.3359375,0.27685546875,0.3272654339671135,0.11346435546875,0.2958984375,0.708984375,0.241943359375,0.0165252685546875,0.4406991228461265,0.1129150390625,0.410400390625,0.58544921875,0.01959228515625,0.0830274634063243,0.26904296875,0.06903076171875
22,Bridelia Sp.,87.80873494153188,0.0835380019312216,339.6370434340435,13.64690959609214,0.0001651516104514,0.845183304225203,0.0128237402875661,93.8070843497406,0.0841708100808425,346.15678220850555,13.731751341581736,0.0001515814245384,0.8655777131788424,0.0122839929606895,37.11561009055913,0.0803435662549041,328.1252264086294,13.59112266794716,0.0001936515565498,0.7879691785380258,0.0138885260691474,17.173033055451874,0.379829812867082,8.344137530587696,2.1364729791381523,0.0031309665943505,0.9552933711052144,0.0559550408305677,23.9415100991249,0.3789629066172891,8.328812575173158,2.132553606237817,0.0027933098158522,0.9631065651760228,0.0528517721164792,2.090881755215462,0.8434557760853789,0.3489486126664178,0.3189622993654348,0.1436069759558274,0.853538501344692,0.3789551107398177,1.6071398946538926,0.9169528431006596,0.1667910912031853,0.1662104433660985,0.2811176602955775,0.8331445656682966,0.5302053001390853,4.483721123138818,0.6288489172205265,1.6486873211397286,0.8855916386711459,0.0245504986226475,0.9236028246901647,0.1566859873206521,0.7045686112986861,0.7356761552277161,0.3168332437141523,0.3160539769293134,0.2353220385731228,0.1008518092295512,0.2325761929120606,0.6773468501984127,0.2254850935328558,0.0141053936935288,0.3211708286414647,0.0994133765465007,0.3197308545814159,0.5493749013277186,0.0213773759727686,0.0584746324859409,0.2519222512409912,0.0546574424040449,0.7099609375,0.74072265625,0.3125,0.31494140625,0.226369097828865,0.09619140625,0.2296142578125,0.68115234375,0.2181396484375,0.0138778686523437,0.3134905099868774,0.0953369140625,0.3134765625,0.5498046875,0.021453857421875,0.053685400635004,0.24560546875,0.054443359375,0.67431640625,0.69140625,0.2421875,0.293701171875,0.1779673881828785,0.07830810546875,0.1995849609375,0.6396484375,0.1842041015625,0.0122299194335937,0.2610208541154861,0.074951171875,0.281982421875,0.51123046875,0.0191802978515625,0.037280710414052,0.21142578125,0.0457763671875,0.7392578125,0.78271484375,0.38671875,0.336669921875,0.2874413207173347,0.12017822265625,0.262451171875,0.712890625,0.25341796875,0.01580810546875,0.3792139366269111,0.12188720703125,0.35205078125,0.58984375,0.0237274169921875,0.0761591624468565,0.286865234375,0.06304931640625
23,Pometia Pinnata,93.84061581001696,0.1242825470084874,190.05314786107803,9.609281954657796,0.0002374717157023,0.9334915680846012,0.0153753414799215,107.1350634822586,0.1387567371190732,181.8676137428417,9.270096408152977,0.0004163829302269,0.9199259308749038,0.0203527474665895,22.27054393873721,0.1142503572875541,189.31243150875923,9.913208206510737,0.0003470961608643,0.8926755348826716,0.0185853046536974,24.901844532279323,0.4022271824341176,9.42951251646904,2.0876659572311747,0.0027585828377664,0.9715609685027512,0.0525222128034074,34.49389378737204,0.436061719988313,8.475879193270499,1.8640417553461035,0.003383039166018,0.9779959620941504,0.0581638991644989,2.323147866626128,0.8324963397558323,0.5213337387250431,0.3644471470558427,0.1237923244562635,0.9416549467354832,0.351841334206576,1.742956319043276,0.932233708320665,0.1380865511300293,0.1359582446538968,0.3648970601592648,0.8373704451480583,0.6040670990537929,6.156937265632922,0.6085794698678499,2.603273538056147,1.0288334853552246,0.0187069636585149,0.9353515313075512,0.1367734025990249,0.7218952054724815,0.8209119325506133,0.1743683510638297,0.1745232247912878,0.3590589629674651,0.1073718963371273,0.3530626052677553,0.759191051753148,0.3519656156075296,0.0150680508864117,0.4830152791404318,0.1159779527525874,0.4774892908875651,0.5073261269268345,0.0223716971049141,0.0777332214856964,0.2598875893026758,0.0741372416964624,0.72509765625,0.822265625,0.1640625,0.1707763671875,0.3542048782110214,0.10760498046875,0.34423828125,0.75244140625,0.325927734375,0.0149650573730468,0.4826062619686126,0.11688232421875,0.470703125,0.543212890625,0.0205230712890625,0.0754540972411632,0.262451171875,0.07098388671875,0.6728515625,0.78369140625,0.109375,0.15087890625,0.3067939653992653,0.08251953125,0.3154296875,0.71826171875,0.274658203125,0.013763427734375,0.4365140274167061,0.0893402099609375,0.442626953125,0.461181640625,0.017913818359375,0.0606572870165109,0.226318359375,0.0648193359375,0.765625,0.8623046875,0.22265625,0.1905517578125,0.4142303168773651,0.132568359375,0.394775390625,0.80419921875,0.423828125,0.0163726806640625,0.5397480875253677,0.1417236328125,0.51904296875,0.5908203125,0.0238494873046875,0.0922363698482513,0.2978515625,0.08349609375
24,Sterculia Parviflora,89.70606180447608,0.1077633285144333,230.0057262856878,10.99850094952638,0.000240791308252,0.888252997197969,0.015487745169641,104.04510284721648,0.1156800270785234,221.8017394631476,10.728321538403682,0.0003245587293292,0.8761136843520682,0.017965597501457,30.644388757057524,0.095141201708594,249.84401221597176,11.68416443689712,0.0002276936512641,0.8949787646572055,0.0150607322710036,26.103636363636387,0.3563993867162566,10.56297520661157,2.399669421487604,0.0024839184481934,0.9570467233006044,0.0498389250304762,35.24884297520664,0.3823692037960917,8.680495867768595,2.159669421487604,0.0027103954647906,0.9670821388084422,0.0520614585349916,2.47301652892562,0.811862234022662,0.4565289256198347,0.3894214876033058,0.104985209343624,0.9026748064754566,0.324014211638354,2.076239669421488,0.8826115702479338,0.2393388429752066,0.2355371900826446,0.2112690492452701,0.8824640246487981,0.4596401301510456,6.765454545454546,0.5774302829252211,2.3213223140495867,1.0692561983471074,0.0160317396352708,0.9271024649839428,0.1266165061722634,0.7019813939144737,0.8074880040677866,0.2821806714050752,0.2685056127103647,0.4046199673023495,0.081708112157377,0.3903185622136396,0.5993926543042176,0.1444517867009442,0.0204330207709979,0.5311295377664772,0.0838744694128968,0.5163294283070958,0.4565452059408776,0.0260908012103317,0.0937223377474758,0.2172879957614984,0.0875099727085658,0.6982421875,0.806640625,0.2734375,0.26416015625,0.4060082137584686,0.08148193359375,0.392822265625,0.60009765625,0.11920166015625,0.020050048828125,0.5371303856372833,0.085205078125,0.5234375,0.464599609375,0.0252685546875,0.0901940315961837,0.2181396484375,0.086181640625,0.67236328125,0.77685546875,0.17578125,0.22216796875,0.3474753201007843,0.06854248046875,0.35986328125,0.54541015625,0.09417724609375,0.017242431640625,0.4790344461798668,0.0670623779296875,0.482421875,0.41693115234375,0.0222930908203125,0.0708056688308715,0.193603515625,0.07806396484375,0.72998046875,0.833984375,0.37890625,0.3095703125,0.4677619934082031,0.0943145751953125,0.42041015625,0.6611328125,0.187255859375,0.022979736328125,0.5918843597173691,0.1008453369140625,0.55078125,0.50244140625,0.0290412902832031,0.1162243317812681,0.235870361328125,0.09478759765625
25,Calophyllum,110.94961856998486,0.1421872964284705,211.433679544345,10.654132370137644,0.003142484252543,0.8969880692575034,0.0559273913491471,112.56681886854624,0.1355868228713619,199.40819120459747,10.417502549889509,0.0020156525948795,0.8613617339814001,0.0448247530296287,50.13272288586949,0.091153094327019,246.13691157223144,11.863774950539495,0.0002436196448552,0.8917511200752313,0.0155867040825078,25.343212669683293,0.3930278829900765,8.06214177978884,2.051282051282051,0.0030085265339457,0.9652203056095848,0.0548500367725104,32.876772247360506,0.4324124024310179,6.576621417797888,1.8070889894419304,0.0039423844720624,0.9693707842117564,0.0627884103323408,3.6503770739064825,0.6528855386784586,1.7040723981900452,0.8521870286576169,0.0413025713824223,0.938865529539152,0.2032303407034056,2.526546003016591,0.8770437405731523,0.2546003016591251,0.2473604826546002,0.1766589431920813,0.892976357837644,0.4203081526595473,7.1739064856711865,0.5902573321578366,1.9873303167420813,1.001206636500754,0.018228844618251,0.9396109782778624,0.1350142385759778,0.8659189792359572,0.8697653218542128,0.4676326912416851,0.4574195653178122,0.4099362932547585,0.0882677527947154,0.3935137267299519,0.4914050951589061,0.0862919820826404,0.0282134558655822,0.498397501063012,0.1102536716729028,0.481108243255728,0.202730639810837,0.0584996710507321,0.1100383218204367,0.1773143466630866,0.1032500115484109,0.87158203125,0.87158203125,0.46875,0.457275390625,0.4152385890483856,0.08892822265625,0.396728515625,0.501953125,0.0875244140625,0.028045654296875,0.5085539817810059,0.10784912109375,0.485107421875,0.197509765625,0.058258056640625,0.1049268245697021,0.1956787109375,0.1011962890625,0.85009765625,0.85400390625,0.36328125,0.4287109375,0.3633738756179809,0.06976318359375,0.37353515625,0.445556640625,0.06854248046875,0.0260772705078125,0.469826191663742,0.081787109375,0.461669921875,0.166259765625,0.05059814453125,0.0814489126205444,0.13916015625,0.0948486328125,0.88427734375,0.88427734375,0.5625,0.486572265625,0.4566821157932281,0.10614013671875,0.42138671875,0.55029296875,0.10198974609375,0.0302886962890625,0.5391692519187927,0.137939453125,0.509765625,0.2288818359375,0.06524658203125,0.1298983097076416,0.2161865234375,0.11083984375
26,Pennisetum Purpureum,81.30653112186961,0.084163381941766,313.8859327127145,13.236256755531867,0.0001690383732905,0.8452712844250165,0.0129717071715697,94.2289763652698,0.0865437870141979,308.8587419388723,13.099385754915811,0.0001832886072269,0.8336593307061425,0.0135074349698191,42.11038380282237,0.0802346477142136,327.7513789975358,13.623616207916552,0.0001648694227224,0.8352393455224587,0.012810809545902,15.899344154779468,0.4107148053476254,5.996939388970869,1.8424222550144835,0.0053033242475811,0.939046007822291,0.0728239263400511,23.794704049844228,0.3824081504313877,7.840651472919059,2.083838880690824,0.0036968853197651,0.951710221848823,0.0608020173988094,1.7490244302344644,0.8439952893892305,0.3410941684429141,0.3168278952833798,0.1716858456229711,0.849609196215476,0.4143499072317635,1.6448434169535986,0.8984030168880145,0.205607476635514,0.2035962179592283,0.2752183331123973,0.8016112535868586,0.5246125552370982,4.537705634803517,0.667296892936663,1.2222878067442748,0.7539487347652618,0.037648025304865,0.909557439439324,0.1940309905784769,0.6531420913127068,0.7476237199510191,0.3483462484017749,0.348932896509641,0.221288373714277,0.1355417210272503,0.2190232810560977,0.6675629763826997,0.2043720598829065,0.0151052967305648,0.3288654115350264,0.1145774990499521,0.3263819450075446,0.5803062135992497,0.0178620175477543,0.057544516056841,0.3245963370900435,0.0543229209817273,0.650390625,0.74658203125,0.34375,0.3466796875,0.2217404246330261,0.1339111328125,0.2177734375,0.6708984375,0.2003173828125,0.0150680541992187,0.3353503495454788,0.110595703125,0.324951171875,0.591796875,0.01727294921875,0.0548819787800312,0.331298828125,0.052276611328125,0.6162109375,0.71923828125,0.26171875,0.320556640625,0.1868961118161678,0.11273193359375,0.2008056640625,0.6357421875,0.167724609375,0.013824462890625,0.2861712425947189,0.09124755859375,0.299072265625,0.5478515625,0.015228271484375,0.0439777206629514,0.2861328125,0.0482177734375,0.685546875,0.7724609375,0.43359375,0.376953125,0.2552463412284851,0.157958984375,0.2335205078125,0.703125,0.234375,0.01641845703125,0.3782476112246513,0.1346435546875,0.3525390625,0.62939453125,0.0196075439453125,0.0676537286490202,0.370361328125,0.057281494140625
27,Sterculia Parviflora,117.06763420724066,0.2015987791530517,105.30789813295078,6.82013634642082,0.0010987843530355,0.902668042657433,0.0330540280093131,115.33548619001502,0.2009700037229462,109.18109666287808,6.870215601284824,0.0010303359356644,0.9086816159438128,0.0320274324408033,44.5267227412362,0.1472825643777662,142.92098605675028,8.407777146544058,0.0005822627657115,0.8537141236021756,0.0240857483808705,22.642446941323342,0.4167658276380304,13.20287141073658,2.406367041198502,0.0064544943040924,0.9659233601673016,0.0803398674637469,27.61354556803992,0.4356572337067279,8.8270911360799,2.0233458177278405,0.0057874909795963,0.9688549094265744,0.0760755609877203,4.929900124843945,0.697625210446096,1.266541822721598,0.7092384519350811,0.0541666004261215,0.9287705592467432,0.2327371917552532,2.4065543071161044,0.9010611735330838,0.2053682896379525,0.1991260923845193,0.2682272159800249,0.8820376700318757,0.5179065707055907,8.73233458177278,0.5760000059139038,4.494257178526842,1.3184769038701627,0.0299765040889898,0.9493162462136736,0.1731372406185044,0.8503356481481481,0.8460563753858025,0.3347588734567901,0.3394941165123457,0.3311162729175002,0.1200403284143518,0.3052068262924383,0.662833236882716,0.2273411880304784,0.0212190152391975,0.3939308706625008,0.1127118974850501,0.3715013744212962,0.3613963035300926,0.0528442081404321,0.1183190856892385,0.262937915943287,0.1051231553819444,0.85205078125,0.84326171875,0.3203125,0.3408203125,0.3098735809326172,0.099853515625,0.29443359375,0.65966796875,0.19189453125,0.0208282470703125,0.3769512772560119,0.10272216796875,0.361572265625,0.330078125,0.054168701171875,0.1040301620960235,0.2261962890625,0.1019287109375,0.81640625,0.80810546875,0.26953125,0.3203125,0.2533459663391113,0.069580078125,0.25732421875,0.58056640625,0.131103515625,0.0185699462890625,0.335599809885025,0.08148193359375,0.33447265625,0.27490234375,0.04400634765625,0.0808323249220848,0.142822265625,0.0830078125,0.88330078125,0.8818359375,0.40234375,0.358642578125,0.3944224417209625,0.1671142578125,0.346435546875,0.7490234375,0.30859375,0.0232391357421875,0.4448204040527344,0.145263671875,0.404296875,0.468017578125,0.060302734375,0.1458836495876312,0.375,0.12286376953125
28,Campnosperma Auriculatum,92.65470087070824,0.0851251812811448,548.8237936835916,16.180513053233113,0.0001304682875071,0.8717414917915933,0.0113948980015913,101.13960497699046,0.0982567325134952,530.0667163174927,15.750262382229195,0.0003370497349887,0.8684226469638712,0.0182838809712058,59.40955770439778,0.0693665792650346,603.250585936788,17.617867157059976,8.75250474676972e-05,0.8491259303239033,0.0093328982584829,22.39948816679185,0.2809889467202274,33.32488104182319,3.916095354370148,0.0011367827610129,0.9347375308422649,0.0337162091732288,34.29996047771102,0.2712160935958307,37.05280725644879,4.084354651890808,0.0010472662973585,0.9406224451352604,0.0323614940532497,2.406120867768596,0.7175611035584601,1.1010518407212624,0.645786376158277,0.0509603531343663,0.8824230598745149,0.2257439991104223,2.401354714500376,0.8086854215183493,0.5102914475331831,0.4033073503631355,0.1013302711545655,0.8806400241781202,0.3183241604945587,4.848553327698475,0.5458141753515635,3.951148885549712,1.3066616579013273,0.0138977389823151,0.9029384565630106,0.1178886719846954,0.7370463731980609,0.7903064359895565,0.4892509962848275,0.489893366948262,0.3335015356111774,0.0664384284740495,0.3313784213465943,0.4857162113881896,0.0912851692666896,0.024828098430321,0.4991241339704775,0.0626242944795356,0.4982456678901959,0.3802610460957166,0.0283547896534272,0.0683913869216477,0.2130422294804826,0.0648030923924534,0.759765625,0.81396484375,0.4921875,0.498291015625,0.3407879322767257,0.0635986328125,0.342529296875,0.478271484375,0.07476806640625,0.025421142578125,0.5196186900138855,0.060882568359375,0.509765625,0.3740234375,0.0291748046875,0.0651418566703796,0.205078125,0.067138671875,0.69677734375,0.7529296875,0.3671875,0.4541015625,0.2473415844142437,0.051361083984375,0.29345703125,0.432373046875,0.05877685546875,0.022003173828125,0.4154140055179596,0.04736328125,0.455322265625,0.333984375,0.02386474609375,0.0422901157289743,0.17724609375,0.055389404296875,0.80322265625,0.85302734375,0.6171875,0.53759765625,0.4199568480253219,0.07763671875,0.381103515625,0.53173828125,0.0985107421875,0.0282745361328125,0.5997900366783142,0.0758056640625,0.556640625,0.41943359375,0.033782958984375,0.0885960571467876,0.2352294921875,0.07623291015625
29,Leea Indica,117.30807454339764,0.1782809237254057,122.95631361819508,7.324283909780044,0.0007057052351159,0.902154627748062,0.0264882055788559,124.0055949688549,0.198961405390006,115.5463383550582,6.949037565265815,0.0015123553965885,0.8957657905830363,0.0387591951147574,38.66302639647768,0.1250895530620315,162.47881308622567,9.115843892154906,0.00030580255086,0.9088843055850347,0.0174406478128139,32.29999435411022,0.3802460247241392,8.528794037940381,2.1488256549232165,0.0025516524325981,0.9717996939456334,0.0505138835628203,36.95517163504967,0.437755667498947,5.497911020776874,1.7165198735320686,0.0033510803999187,0.9791762415496624,0.0578885169953309,5.850807362240289,0.7056222038449443,0.9737466124661248,0.6506887985546523,0.0365152671847216,0.9396846775977068,0.1910896836166769,3.2565774616079497,0.8793529810298102,0.249830623306233,0.2427168021680216,0.1611248203719616,0.9067527202886096,0.4014035629786582,12.61367999096656,0.4949461951905334,3.763832429990967,1.4115289069557362,0.0079552107661151,0.9495309047014088,0.0891919882395,0.8581434461805556,0.8963681821469908,0.290639984292328,0.2984626568183697,0.4170495443558566,0.0808960324242001,0.4319593641493056,0.5395716752955523,0.1250734924639343,0.0291807931566995,0.4663419989543775,0.0931145259312221,0.4815208152488426,0.2738545977880084,0.0626162574404761,0.1536586084176426,0.1433160045159557,0.156020117058325,0.865234375,0.8955078125,0.28515625,0.29931640625,0.4190609902143478,0.0802001953125,0.423583984375,0.54345703125,0.116851806640625,0.028900146484375,0.4656272530555725,0.09210205078125,0.47509765625,0.281005859375,0.06231689453125,0.1565377116203308,0.14404296875,0.1529541015625,0.8369140625,0.8720703125,0.2109375,0.267333984375,0.3490822538733482,0.0607528686523437,0.379638671875,0.47064208984375,0.0838623046875,0.02545166015625,0.4052249565720558,0.0711669921875,0.431396484375,0.2320556640625,0.056732177734375,0.1212129965424537,0.1138916015625,0.139892578125,0.88671875,0.9326171875,0.3671875,0.32958984375,0.4876668527722358,0.096923828125,0.483154296875,0.60302734375,0.150146484375,0.0332412719726562,0.5273471921682358,0.1114501953125,0.53125,0.31622314453125,0.068603515625,0.1848569475114345,0.166015625,0.174591064453125
30,Dillenia Suffruticosa,82.33457385724502,0.1048525369731615,258.7250508275376,11.495184113916483,0.0002355042800373,0.9096529426235486,0.0153180860422593,96.21107799038327,0.1084263197966394,258.64700459201663,11.417419222258832,0.0002579464166862,0.9044541924836732,0.0160314316837985,21.364208878753026,0.1110626479315743,220.2098853258746,10.760708881842556,0.0003483639585676,0.8855574743509808,0.0186227913049041,28.85388888888892,0.3363603382078818,13.857333333333337,2.6924444444444444,0.0021476913580246,0.96060617789272,0.0463431910643267,37.62727777777779,0.3543952664731016,12.893666666666666,2.570777777777778,0.0025809629629629,0.9654720021114108,0.0508031786698722,2.726555555555553,0.8010923905806259,0.6845555555555556,0.4416666666666666,0.090968598765432,0.9306703027108144,0.3016100110497529,2.165611111111111,0.9027,0.2023333333333333,0.1958888888888888,0.2461313641975309,0.9012929161442006,0.496116280923667,7.732277777777779,0.5707674672705402,2.610333333333333,1.1181111111111113,0.0125794999999999,0.9465669010594674,0.1121583701736076,0.6628551664806548,0.762468998015873,0.2019500248015873,0.1866543966626364,0.4167058332749302,0.0650582691979786,0.4123197040860615,0.6170668829055059,0.1799568539574032,0.0200459737626333,0.5311058895928519,0.0719163198319692,0.5275480724516369,0.3828758603050595,0.0312192341637989,0.1056020425322155,0.1667269509936136,0.1001106867714533,0.6611328125,0.759033203125,0.1796875,0.168212890625,0.4179153591394424,0.064727783203125,0.407470703125,0.6376953125,0.1793212890625,0.01898193359375,0.5418754816055298,0.07098388671875,0.525390625,0.3773193359375,0.030609130859375,0.0994668006896972,0.1663818359375,0.09893798828125,0.6361083984375,0.7392578125,0.109375,0.154388427734375,0.3597795441746712,0.05535888671875,0.39129638671875,0.56982421875,0.1233978271484375,0.0179595947265625,0.4816334322094917,0.0602035522460937,0.50634765625,0.33251953125,0.0272674560546875,0.0768317747861146,0.1458740234375,0.0919189453125,0.68896484375,0.7861328125,0.26171875,0.214385986328125,0.4859070107340812,0.0738525390625,0.4287109375,0.68310546875,0.2279052734375,0.0220222473144531,0.5942114144563675,0.0822296142578125,0.5445556640625,0.43115234375,0.034271240234375,0.1287370175123214,0.184478759765625,0.10748291015625
31,Sterculia Parviflora,93.06831629241648,0.1098993267773217,181.98533311809217,10.01636519352553,0.0002602317683531,0.8968976190718169,0.0160992096904382,103.9714920258773,0.1143510251742414,176.44706076259322,9.834437767648325,0.0003042032684551,0.8777827889901455,0.0174001706441128,39.18333047506941,0.101833362269572,196.5517224666937,10.532379505537849,0.0002620146416571,0.8694961814795287,0.0161545457844871,29.99384418398505,0.347374024115281,12.03846153846154,2.5030532847434257,0.0026159338114244,0.9531426240505196,0.0511462003615566,38.77011720673693,0.386741389773651,9.58258642765685,2.179060376243475,0.0037194988865764,0.9515054419587378,0.0609876945504288,3.564562198365014,0.7757166200955635,0.5973111395646609,0.4729144095341279,0.0723245823195467,0.922162096322705,0.2689323006251698,2.8379789224859646,0.8668431816733392,0.2771594602580518,0.2680980990840146,0.1723673678176475,0.8755132760513699,0.4151714920579778,8.505294001772874,0.5286446779989852,3.278636856101645,1.2798187727765191,0.0122342347544986,0.929384530907624,0.1106084750572878,0.7233490663883538,0.8062257587984173,0.3121876301541024,0.3128248768416805,0.419875301847367,0.1041906357605921,0.4230172547734017,0.5937186054069268,0.1407528630597846,0.0266910745222734,0.5257135019022839,0.1229485317549572,0.5294139120093191,0.4279488115100153,0.0377793206815072,0.1125524125699231,0.2055864504901929,0.1108684293531666,0.71630859375,0.8046875,0.30859375,0.312744140625,0.4109643399715423,0.10443115234375,0.413330078125,0.59765625,0.14306640625,0.0263824462890625,0.5205721259117126,0.11932373046875,0.52001953125,0.43408203125,0.0357818603515625,0.1072877310216426,0.206298828125,0.1072998046875,0.68505859375,0.7763671875,0.24609375,0.29345703125,0.3719604164361954,0.079833984375,0.3935546875,0.552734375,0.10601806640625,0.0242767333984375,0.4879613891243934,0.09228515625,0.50537109375,0.36492919921875,0.0318603515625,0.0895292665809392,0.166015625,0.098388671875,0.76220703125,0.83544921875,0.3759765625,0.3330078125,0.4599323570728302,0.12744140625,0.448974609375,0.63916015625,0.17041015625,0.0289344787597656,0.5578464567661285,0.153076171875,0.54931640625,0.492919921875,0.043243408203125,0.1302030682563781,0.24072265625,0.1226959228515625
32,Ficus Variegata,104.96998590028772,0.1001343768004322,348.4658173814186,13.334037596052422,0.0002516327597712,0.8571140334015125,0.0158223067582252,114.2531348000512,0.1201480423150037,316.2911582770611,12.477459146723229,0.0006773276936729,0.8191404190129064,0.0259312687955789,47.128716860753975,0.0691523380336433,437.0772102043793,15.726542819747284,0.0001237316551463,0.836200079196703,0.0110987441000868,34.61994698849537,0.2340820394138111,30.061820437626885,4.079754116850891,0.0010423249607192,0.9370185262331868,0.0322850578552875,44.99461989623284,0.2921833414687583,19.104714640198512,3.15483870967742,0.0015840517224928,0.9492281602657462,0.0398001472672261,3.3663546131288054,0.6399544829018132,1.627814121362508,0.8601849763140083,0.0326595746128957,0.8972351290102275,0.1807196021822086,2.969783442364088,0.8165927030202319,0.4038912700203023,0.3729641326415519,0.1162694334510733,0.8620035935415008,0.3409830398290703,7.987705842544549,0.4160657767754148,6.89965034965035,1.9029438303631847,0.0069722894789295,0.8858888910983952,0.0835002364004411,0.8209803684403171,0.8751044711708236,0.3934458223558913,0.3944133489249381,0.5242425929000549,0.0632360819452846,0.522780322011441,0.5077549056270633,0.082838568486436,0.030207737137546,0.6503758429971307,0.0808277853011116,0.6495676965747406,0.2882141764240255,0.0432500152675072,0.1180773936978606,0.1599830547040219,0.1147228054978509,0.8330078125,0.88427734375,0.3984375,0.3935546875,0.53071728348732,0.06231689453125,0.525390625,0.50634765625,0.077880859375,0.0301971435546875,0.660327672958374,0.079010009765625,0.650390625,0.2763671875,0.043914794921875,0.1144258044660091,0.15673828125,0.114990234375,0.7880859375,0.853515625,0.29296875,0.3583984375,0.4416957125067711,0.052490234375,0.477783203125,0.474365234375,0.06689453125,0.0273284912109375,0.5843983441591263,0.065673828125,0.60498046875,0.2447509765625,0.03631591796875,0.0874210502952337,0.1390380859375,0.1036376953125,0.8642578125,0.90625,0.49609375,0.429931640625,0.6134762167930603,0.07281494140625,0.57666015625,0.54052734375,0.09356689453125,0.033355712890625,0.7302916795015335,0.094970703125,0.69921875,0.31787109375,0.050018310546875,0.1441131122410297,0.177490234375,0.126953125
33,Spathodea Campanulatum,99.52256888352508,0.0875508686160659,484.560930048452,15.317109966208813,0.0001721958885982,0.8365364906390224,0.0130930927181762,107.04037258030316,0.1008399386357025,451.9327496409144,14.675896731847434,0.0004021778600997,0.8230531637542906,0.0199817876168288,55.94593956110559,0.0682472554761035,555.8729798628074,17.08058248121602,9.432908833758404e-05,0.8543080314705698,0.009690729523824,21.50489734299518,0.2850850422646667,26.04410628019324,3.493671497584541,0.0014792787791138,0.9258204419194316,0.0384613933589757,29.810969202898544,0.2902013440127455,26.43157004830918,3.443804347826087,0.0014333776386263,0.9401584951200044,0.0378599740970109,2.632708333333331,0.6769350690303639,1.4817814009661836,0.7673852657004833,0.0437892353453406,0.8614696485773089,0.209258776029443,2.225884661835749,0.8055716498024683,0.4951811594202899,0.4061594202898551,0.1079565204810789,0.8575713765254995,0.3285673758623624,5.477653985507248,0.522525934821924,3.917524154589372,1.3556038647342996,0.0131290626130423,0.8823978134143805,0.1145821216989906,0.7857122830426096,0.8288873400853259,0.4632431461911178,0.4647341511839835,0.3150050541555053,0.079026676778624,0.3132886435038091,0.504878283323794,0.0921083015136867,0.0230786863181656,0.4276044830037402,0.0763451487750658,0.4269794689338879,0.3577316138751686,0.032479322173339,0.0761724704598231,0.2165021542375217,0.0726385756890131,0.80029296875,0.84228515625,0.47265625,0.474609375,0.3193818628787994,0.0767822265625,0.3173828125,0.501953125,0.081787109375,0.02325439453125,0.4386889338493347,0.07342529296875,0.430419921875,0.35595703125,0.033294677734375,0.073147315531969,0.2125244140625,0.07379150390625,0.748046875,0.7978515625,0.34375,0.410400390625,0.2418212369084358,0.0616455078125,0.274169921875,0.456787109375,0.06439208984375,0.0196075439453125,0.3539459630846977,0.056854248046875,0.3818359375,0.30908203125,0.027252197265625,0.0527065247297287,0.1820068359375,0.0631103515625,0.83642578125,0.87548828125,0.59375,0.52685546875,0.3918087780475616,0.093994140625,0.357666015625,0.5517578125,0.11065673828125,0.0267333984375,0.5130168050527573,0.09307861328125,0.477294921875,0.401611328125,0.03790283203125,0.0963852610439062,0.24609375,0.083251953125
